521,520,1
502,520,1
502,519,1
502,520,1
502,520,1
502,520,1
502,520,1
501,520,1
502,520,1
502,520,1
502,519,1
502,520,1
501,520,1
502,520,1
502,520,1
502,520,1
502,520,1
502,520,1
502,520,1
502,520,1
502,519,1
502,520,1
502,520,1
502,520,1
502,520,1
502,520,1
502,520,1
502,520,1
502,520,1
502,519,1
501,519,1
502,520,1
502,520,1
502,520,1
502,520,1
502,519,1
501,520,1
502,520,1
502,520,1
502,520,1
502,520,1
502,519,1
501,520,1
502,519,1
502,520,1
502,519,1
502,520,1
502,520,1
502,520,1
502,520,1
